Point(1) = {0.041554, 1.000000, 0, 1.0};
Point(2) = {0.191509, 0.936766, 0, 1.0};
Point(3) = {0.364047, 0.935863, 0, 1.0};
Point(4) = {0.532069, 0.988257, 0, 1.0};
Point(5) = {1.000000, 0.983740, 0, 1.0};
Point(6) = {0.000000, 1.000000, 0, 1.0};
Point(7) = {0.000000, 0.000000, 0, 1.0};
Point(8) = {1.000000, 0.000000, 0, 1.0};
