Point(1) = {0.000000, 0.000000, 0, 1.0};
Point(2) = {0.002906, -0.934200, 0, 1.0};
Point(3) = {0.499790, -0.934200, 0, 1.0};
Point(4) = {1.500822, -0.755496, 0, 1.0};
Point(5) = {1.497916, 0.002906, 0, 1.0};
