Point(1) = {0.043360, 1.000000, 0, 1.0};
Point(2) = {0.200542, 0.887986, 0, 1.0};
Point(3) = {0.350497, 0.887986, 0, 1.0};
Point(4) = {0.511292, 0.977416, 0, 1.0};
Point(5) = {1.000000, 0.973803, 0, 1.0};
Point(6) = {1.000000, 1.000000, 0, 1.0};
Point(7) = {0.000000, 1.000000, 0, 1.0};
Point(8) = {0.000000, 0.000000, 0, 1.0};
Point(9) = {1.000000, 0.000000, 0, 1.0};
